-1 -1 -1 -1 2015 4 7 2400 10 0 0test
-1 -1 1200 -1 -1 -1 140 -1 7 0 0-1 -1 1200 -1 -1 -1 140 -1 7 0 homework
-1 -1 1200 -1 -1 -1 1400 -1 2 0 0-1 -1 1200 -1 -1 -1 1400 -1 2 0 homework
-1 -1 1200 -1 -1 -1 1500 -1 6 0 0-1 -1 1200 -1 -1 -1 1500 -1 6 0 ddl
1 -1 -1 -1 -1 -1 -1 -1 -1 0 1-1 -1 -1 -1 -1 -1 -1 -1 0 1 -1 -1 -1 -1 -1 -1 -1 -1 0 1 -1 -1 -1 -1 -1 -1 -1 -1 0 1 -1 -1 -1 -1 -1 -1 -1 -1 0 1 -1 -1 -1 -1 -1 -1 -1 -1 0 1 -1 -1 -1 -1 -1 -1 -1 -1 0 1 -1 -1 -1 -1 -1 -1 -1 -1 0 1 -1 -1 -1 -1 -1 -1 -1 -1 0 1
-1 -1 -1 -1 -1 -1 -1 -1 1 0 1-1 -1 -1 -1 -1 -1 -1 -1 1 0 homework
-1 -1 -1 -1 -1 -1 -1 -1 3 0 1-1 -1 -1 -1 -1 -1 -1 -1 3 0 homework
-1 -1 -1 -1 -1 -1 -1 -1 4 0 1-1 -1 -1 -1 -1 -1 -1 -1 4 0 homework
-1 -1 -1 -1 -1 -1 -1 -1 5 0 1-1 -1 -1 -1 -1 -1 -1 -1 5 0 playground
-1 -1 -1 -1 -1 -1 -1 -1 9 0 1-1 -1 -1 -1 -1 -1 -1 -1 9 0 what the fuck
2015 16 -1 1000 -1 100 -1 1200 8 0 1-1 1000 -1 100 -1 1200 8 0 test case
